0,1662780600,294
1,1662769800,319
2,1662769800,674
3,1662784200,61
4,1662795000,636
5,1662769800,169
6,1662769800,554
7,1662769800,418
8,1662769800,107
9,1662769800,97
10,1662787800,99
11,1662769800,583
12,1662769800,173
13,1662769800,619
14,1662777000,122
15,1662769800,10
16,1662791400,87
17,1662769800,501
18,1662784200,436
19,1662795000,351
20,1662769800,668
21,1662795000,501
22,1662778800,360
23,1662787800,261
24,1662769800,786
25,1662780600,24
26,1662780600,978
27,1662786000,1542
28,1662769800,434
29,1662769800,598
30,1662769800,190
31,1662787800,449
32,1662769800,438
33,1662777000,147
34,1662780600,745
35,1662769800,681
36,1662780600,460
37,1662795000,261
38,1662780600,746
39,1662769800,831
40,1662798600,26
41,1662795000,307
42,1662769800,215
43,1662787800,392
44,1662780600,779
45,1662769800,314
46,1662769800,104
47,1662769800,9
48,1662769800,181
49,1662787800,186
50,1662769800,610
51,1662769800,287
52,1662784200,377
53,1662769800,859
54,1662777000,334
55,1662780600,929
56,1662769800,664
57,1662769800,640
58,1662769800,763
59,1662769800,559
60,1662780600,782
61,1662769800,56
62,1662777000,258
63,1662780600,752
64,1662787800,19
65,1662784200,357
66,1662769800,627
67,1662769800,69
68,1662769800,678
69,1662769800,348
70,1662769800,472
71,1662769800,471
72,1662769800,342
73,1662769800,442
74,1662784200,6
75,1662769800,210
76,1662773400,759
77,1662769800,242
78,1662787800,399
79,1662769800,38
80,1662769800,378
81,1662769800,407
82,1662787800,438
83,1662773400,712
84,1662769800,405
85,1662778800,501
86,1662769800,360
87,1662780600,1124
88,1662769800,587
89,1662769800,194
90,1662769800,871
91,1662780600,678
92,1662791400,202
93,1662769800,500
94,1662769800,166
95,1662787800,23
96,1662769800,553
97,1662769800,408
98,1662769800,302
99,1662769800,486
100,1662769800,37
101,1662787800,584
102,1662777000,85
103,1662787800,295
104,1662769800,401
105,1662778800,563
106,1662769800,221
107,1662769800,566
108,1662773400,1001
109,1662780600,177
110,1662769800,91
111,1662769800,13
112,1662787800,1154
113,1662769800,227
114,1662773400,752
115,1662784200,37
116,1662769800,584
117,1662787800,53
118,1662780600,209
119,1662769800,88
120,1662773400,1209
121,1662787800,5
122,1662769800,531
123,1662769800,115
124,1662769800,330
125,1662795000,187
126,1662769800,910
127,1662769800,699
128,1662787800,1081
129,1662773400,556
130,1662769800,432
131,1662769800,436
132,1662787800,847
133,1662784200,354
134,1662769800,209
135,1662769800,292
136,1662784200,151
137,1662769800,802
138,1662769800,568
139,1662784200,394
140,1662789600,83
141,1662780600,1029
142,1662784200,379
143,1662773400,1027
144,1662777000,31
145,1662769800,491
146,1662769800,43
147,1662769800,866
148,1662773400,726
149,1662784200,152
150,1662769800,601
151,1662769800,473
152,1662787800,431
153,1662769800,435
154,1662769800,406
155,1662787800,417
156,1662773400,919
157,1662791400,217
158,1662769800,337
159,1662780600,714
160,1662777000,130
161,1662769800,1120
162,1662787800,875
163,1662769800,1004
164,1662769800,362
165,1662769800,452
166,1662784200,155
167,1662769800,696
168,1662769800,390
169,1662787800,239
170,1662769800,310
171,1662773400,817
172,1662769800,317
173,1662787800,42
174,1662769800,439
175,1662777000,10
176,1662787800,92
177,1662777000,217
178,1662769800,297
179,1662769800,409
180,1662784200,14
181,1662784200,263
182,1662780600,1054
183,1662780600,429
184,1662795000,514
185,1662777000,172
186,1662784200,107
187,1662769800,1147
188,1662769800,707
189,1662769800,283
190,1662769800,848
191,1662769800,119
192,1662769800,476
193,1662773400,978
194,1662780600,125
195,1662787800,307
196,1662777000,400
197,1662769800,490
198,1662795000,205
199,1662773400,883
200,1662768000,639
201,1662784200,45
202,1662769800,284
203,1662777000,138
204,1662769800,183
205,1662798600,206
206,1662777000,15
207,1662777000,184
208,1662769800,152
209,1662769800,312
210,1662769800,637
211,1662795000,386
212,1662769800,768
213,1662784200,242
214,1662769800,666
215,1662780600,1042
216,1662769800,588
217,1662769800,145
218,1662784200,153
219,1662769800,688
220,1662787800,852
221,1662784200,208
222,1662769800,148
223,1662784200,32
224,1662780600,355
225,1662784200,206
226,1662795000,367
227,1662769800,382
228,1662769800,782
229,1662777000,13
230,1662780600,333
231,1662769800,154
232,1662769800,153
233,1662769800,646
234,1662769800,827
235,1662769800,733
236,1662769800,551
237,1662791400,30
238,1662769800,505
239,1662769800,250
240,1662769800,913
241,1662777000,12
242,1662769800,826
243,1662769800,694
244,1662795000,174
245,1662769800,657
246,1662769800,592
247,1662798600,273
248,1662787800,832
249,1662777000,34
250,1662777000,322
251,1662773400,834
252,1662768000,420
253,1662768000,75
254,1662769800,259
255,1662769800,160
256,1662784200,65
257,1662769800,217
258,1662787800,335
259,1662777000,72
260,1662787800,237
261,1662769800,121
262,1662796800,40
263,1662769800,212
264,1662769800,257
265,1662784200,314
266,1662784200,365
267,1662769800,177
268,1662769800,76
269,1662769800,322
270,1662769800,400
271,1662773400,779
272,1662769800,157
273,1662769800,737
274,1662787800,1116
275,1662787800,602
276,1662777000,318
277,1662777000,84
278,1662780600,5
279,1662787800,693
280,1662769800,539
281,1662791400,211
282,1662769800,325
283,1662769800,757
284,1662769800,266
285,1662769800,87
286,1662780600,279
287,1662787800,1027
288,1662802200,169
289,1662769800,308
290,1662784200,189
291,1662769800,295
292,1662769800,394
293,1662773400,794
294,1662780600,1215
295,1662769800,912
296,1662780600,794
297,1662784200,66
298,1662780600,739
299,1662784200,341
300,1662769800,946
301,1662777000,394
302,1662780600,533
303,1662769800,369
304,1662769800,461
305,1662769800,197
306,1662769800,447
307,1662769800,129
308,1662769800,511
309,1662769800,336
310,1662769800,254
311,1662769800,1265
312,1662769800,265
313,1662769800,596
314,1662769800,329
315,1662769800,128
316,1662769800,727
317,1662769800,67
318,1662769800,721
319,1662769800,395
320,1662773400,1357
321,1662769800,281
322,1662769800,117
323,1662769800,642
324,1662769800,477
325,1662769800,36
326,1662769800,35
327,1662784200,73
328,1662787800,530
329,1662769800,698
330,1662780600,693
331,1662769800,597
332,1662787800,226
333,1662784200,200
334,1662769800,659
335,1662789600,556
336,1662769800,130
337,1662769800,885
338,1662780600,618
339,1662782400,399
340,1662769800,620
341,1662769800,569
342,1662777000,211
343,1662769800,161
344,1662769800,746
345,1662775200,388
346,1662777000,66
347,1662769800,391
348,1662769800,59
349,1662769800,399
350,1662769800,73
351,1662780600,311
352,1662769800,246
353,1662784200,173
354,1662769800,293
355,1662769800,86
356,1662769800,300
357,1662769800,122
358,1662769800,460
359,1662769800,519
360,1662769800,109
361,1662769800,268
362,1662780600,230
363,1662784200,119
364,1662768000,431
365,1662780600,713
366,1662780600,83
367,1662769800,205
368,1662769800,835
369,1662791400,72
370,1662777000,260
371,1662769800,14
372,1662786000,78
373,1662769800,563
374,1662769800,23
375,1662769800,306
376,1662769800,455
377,1662791400,282
378,1662773400,920
379,1662777000,104
380,1662769800,654
381,1662769800,736
382,1662778800,639
383,1662784200,106
384,1662769800,415
385,1662769800,370
386,1662769800,175
387,1662771600,793
388,1662777000,69
389,1662791400,50
390,1662769800,441
391,1662769800,1064
392,1662798600,64
393,1662769800,316
394,1662773400,979
395,1662784200,342
396,1662769800,381
397,1662787800,220
398,1662769800,229
399,1662769800,504
400,1662769800,416
401,1662769800,537
402,1662769800,52
403,1662769800,1188
404,1662784200,9
405,1662769800,218
406,1662777000,47
407,1662769800,856
408,1662769800,1074
409,1662769800,211
410,1662769800,606
411,1662769800,1178
412,1662768000,386
413,1662769800,219
414,1662769800,953
415,1662769800,355
416,1662768000,625
417,1662769800,271
418,1662769800,676
419,1662777000,203
420,1662780600,888
421,1662769800,236
422,1662769800,522
423,1662769800,844
424,1662773400,872
425,1662777000,57
426,1662769800,272
427,1662769800,289
428,1662769800,899
429,1662780600,167
430,1662795000,162
431,1662769800,230
432,1662784200,221
433,1662769800,341
434,1662768000,538
435,1662769800,427
436,1662784200,245
437,1662769800,298
438,1662769800,186
439,1662769800,264
440,1662780600,728
441,1662769800,247
442,1662787800,805
443,1662769800,393
444,1662769800,7
445,1662769800,280
446,1662787800,132
447,1662769800,269
448,1662786000,225
449,1662780600,1133
450,1662791400,142
451,1662769800,957
452,1662787800,742
453,1662769800,123
454,1662780600,93
455,1662769800,645
456,1662780600,758
457,1662769800,282
458,1662769800,239
459,1662769800,309
460,1662769800,366
461,1662769800,512
462,1662769800,1050
463,1662784200,310
464,1662787800,213
465,1662769800,193
466,1662784200,4
467,1662784200,165
468,1662769800,79
469,1662769800,90
470,1662780600,1050
471,1662769800,909
472,1662777000,376
473,1662769800,513
474,1662769800,172
475,1662777000,30
476,1662787800,1360
477,1662791400,113
478,1662769800,131
479,1662769800,683
480,1662769800,744
481,1662769800,375
482,1662780600,388
483,1662777000,231
484,1662791400,61
485,1662791400,173
486,1662769800,576
487,1662784200,617
488,1662769800,614
489,1662769800,134
490,1662780600,828
491,1662769800,450
492,1662777000,128
493,1662777000,272
494,1662791400,136
495,1662769800,367
496,1662769800,270
497,1662777000,290
498,1662777000,20
499,1662784200,64
500,1662769800,25
501,1662787800,533
502,1662780600,420
503,1662784200,814
504,1662780600,201
505,1662769800,294
506,1662784200,1040
507,1662769800,261
508,1662769800,347
509,1662769800,465
510,1662769800,223
511,1662769800,902
512,1662777000,38
513,1662769800,398
514,1662769800,590
515,1662769800,1183
516,1662780600,547
517,1662787800,803
518,1662769800,363
519,1662769800,125
520,1662775200,96
521,1662769800,253
522,1662769800,255
523,1662769800,275
524,1662769800,575
525,1662769800,582
526,1662805800,39
527,1662791400,20
528,1662780600,213
529,1662769800,677
530,1662777000,42
531,1662784200,480
532,1662798600,4
533,1662791400,28
534,1662802200,181
535,1662769800,541
536,1662769800,535
537,1662769800,561
538,1662769800,114
539,1662777000,143
540,1662784200,28
541,1662769800,800
542,1662777000,330
543,1662769800,579
544,1662791400,216
545,1662769800,187
546,1662769800,178
547,1662784200,168
548,1662777000,202
549,1662769800,82
550,1662769800,311
551,1662769800,357
552,1662769800,224
553,1662769800,444
554,1662784200,414
555,1662784200,126
556,1662777000,81
557,1662769800,226
558,1662769800,603
559,1662784200,112
560,1662795000,43
561,1662773400,742
562,1662769800,304
563,1662784200,124
564,1662769800,350
565,1662769800,44
566,1662769800,545
567,1662784200,248
568,1662787800,758
569,1662769800,267
570,1662780600,902
571,1662780600,86
572,1662787800,147
573,1662769800,1122
574,1662769800,150
575,1662777000,480
576,1662769800,803
577,1662769800,74
578,1662769800,529
579,1662769800,68
580,1662769800,771
581,1662769800,57
582,1662769800,126
583,1662769800,463
584,1662780600,162
585,1662780600,700
586,1662780600,239
587,1662787800,222
588,1662769800,249
589,1662769800,814
590,1662777000,29
591,1662786000,349
592,1662777000,127
593,1662769800,458
594,1662769800,581
595,1662769800,388
596,1662777000,310
597,1662787800,38
598,1662769800,15
599,1662769800,428
600,1662769800,648
601,1662769800,675
602,1662769800,30
603,1662773400,904
604,1662784200,110
605,1662787800,820
606,1662769800,820
607,1662769800,845
608,1662769800,474
609,1662769800,55
610,1662769800,437
611,1662769800,335
612,1662769800,332
613,1662777000,35
614,1662769800,20
615,1662769800,572
616,1662769800,39
617,1662769800,225
618,1662769800,220
619,1662769800,167
620,1662769800,96
621,1662769800,723
622,1662777000,285
623,1662769800,1139
624,1662780600,788
625,1662769800,764
626,1662769800,741
627,1662769800,305
628,1662769800,732
629,1662769800,1247
630,1662769800,110
631,1662769800,72
632,1662780600,865
633,1662798600,170
634,1662787800,125
635,1662769800,878
636,1662769800,361
637,1662769800,1017
638,1662787800,329
639,1662769800,26
640,1662769800,762
641,1662769800,61
642,1662769800,981
643,1662773400,1054
644,1662769800,815
645,1662769800,389
646,1662769800,288
647,1662773400,673
648,1662769800,562
649,1662769800,547
650,1662769800,8
651,1662769800,516
652,1662777000,107
653,1662768000,29
654,1662802200,183
655,1662769800,484
656,1662777000,282
657,1662769800,133
658,1662789600,374
659,1662769800,70
660,1662787800,360
661,1662769800,85
662,1662769800,188
663,1662769800,273
664,1662769800,46
665,1662769800,240
666,1662787800,385
667,1662778800,51
668,1662784200,18
669,1662777000,314
670,1662769800,586
671,1662769800,665
672,1662769800,1029
673,1662769800,251
674,1662791400,280
675,1662780600,307
676,1662769800,303
677,1662787800,55
678,1662769800,493
679,1662769800,208
680,1662769800,50
681,1662777000,121
682,1662780600,270
683,1662769800,1003
684,1662769800,0
685,1662769800,313
686,1662784200,298
687,1662769800,628
688,1662769800,11
689,1662769800,245
690,1662773400,875
691,1662777000,234
692,1662773400,709
693,1662769800,189
694,1662775200,249
695,1662784200,265
696,1662769800,380
697,1662769800,515
698,1662773400,669
699,1662769800,530
700,1662773400,857
701,1662769800,263
702,1662769800,459
703,1662787800,58
704,1662769800,155
705,1662769800,214
706,1662777000,514
707,1662769800,89
708,1662769800,180
709,1662780600,367
710,1662769800,703
711,1662769800,118
712,1662769800,147
713,1662769800,889
714,1662777000,207
715,1662769800,972
716,1662769800,139
717,1662769800,495
718,1662784200,117
719,1662769800,618
720,1662784200,85
721,1662787800,743
722,1662769800,422
723,1662784200,135
724,1662769800,354
725,1662769800,385
726,1662769800,631
727,1662768000,759
728,1662769800,506
729,1662769800,858
730,1662769800,840
731,1662769800,396
732,1662769800,235
733,1662769800,1106
734,1662769800,383
735,1662769800,691
736,1662769800,704
737,1662769800,608
738,1662791400,78
739,1662769800,19
740,1662777000,129
741,1662769800,685
742,1662769800,78
743,1662787800,395
744,1662769800,577
745,1662791400,170
746,1662769800,162
747,1662769800,485
748,1662769800,142
749,1662769800,973
750,1662773400,574
751,1662777000,187
752,1662769800,672
753,1662769800,17
754,1662773400,751
755,1662769800,290
756,1662769800,136
757,1662784200,150
758,1662791400,490
759,1662769800,499
760,1662775200,495
761,1662780600,123
762,1662773400,929
763,1662769800,163
764,1662780600,871
765,1662769800,939
766,1662769800,977
767,1662769800,349
768,1662769800,207
769,1662784200,211
770,1662769800,196
771,1662777000,163
772,1662769800,276
773,1662784200,163
774,1662798600,186
775,1662769800,318
776,1662791400,165
777,1662769800,71
778,1662769800,364
779,1662769800,234
780,1662769800,5
781,1662784200,130
782,1662768000,600
783,1662780600,526
784,1662777000,4
785,1662769800,433
786,1662777000,9
787,1662769800,376
788,1662769800,140
789,1662795000,419
790,1662777000,112
791,1662769800,1105
792,1662769800,602
793,1662769800,49
794,1662773400,632
795,1662769800,861
796,1662778800,98
797,1662798600,153
798,1662769800,796
799,1662791400,192
800,1662777000,108
801,1662769800,179
802,1662769800,550
803,1662769800,135
804,1662768000,137
805,1662769800,238
806,1662769800,279
807,1662784200,94
808,1662769800,260
809,1662769800,4
810,1662786000,833
811,1662777000,73
812,1662777000,180
813,1662769800,108
814,1662769800,286
815,1662769800,64
816,1662777000,157
817,1662787800,1357
818,1662769800,421
819,1662791400,273
820,1662777000,40
821,1662769800,864
822,1662773400,739
823,1662769800,199
824,1662769800,201
825,1662773400,896
826,1662769800,790
827,1662769800,534
828,1662769800,93
829,1662769800,397
830,1662784200,184
831,1662769800,258
832,1662769800,578
833,1662769800,338
834,1662769800,374
835,1662787800,863
836,1662769800,708
837,1662768000,599
838,1662769800,244
839,1662780600,368
840,1662769800,624
841,1662773400,533
842,1662769800,804
843,1662769800,222
844,1662769800,738
845,1662769800,445
846,1662771600,353
847,1662769800,1182
848,1662773400,339
849,1662780600,461
850,1662769800,320
851,1662769800,372
852,1662769800,352
853,1662769800,45
854,1662769800,168
855,1662771600,773
856,1662769800,402
857,1662773400,1402
858,1662773400,526
859,1662769800,475
860,1662784200,292
861,1662777000,135
862,1662784200,304
863,1662769800,232
864,1662769800,331
865,1662769800,740
866,1662780600,857
867,1662769800,621
868,1662769800,653
869,1662786000,71
870,1662769800,243
871,1662769800,60
872,1662769800,571
873,1662787800,1029
874,1662787800,397
875,1662769800,164
876,1662780600,1360
877,1662769800,467
878,1662769800,1068
879,1662773400,1542
880,1662769800,285
881,1662769800,626
882,1662775200,447
883,1662769800,51
884,1662784200,142
885,1662773400,828
886,1662780600,641
887,1662791400,163
888,1662769800,613
889,1662769800,392
890,1662769800,94
891,1662777000,467
892,1662769800,903
893,1662768000,307
894,1662780600,875
895,1662769800,991
896,1662769800,358
897,1662777000,296
898,1662777000,126
899,1662777000,306
900,1662769800,40
901,1662769800,507
902,1662769800,81
903,1662769800,237
904,1662780600,97
905,1662773400,728
906,1662769800,693
907,1662773400,1257
908,1662769800,1021
909,1662769800,333
910,1662802200,95
911,1662769800,615
912,1662769800,345
913,1662769800,146
914,1662769800,863
915,1662780600,359
916,1662773400,1293
917,1662769800,195
918,1662773400,1148
919,1662769800,377
920,1662769800,241
921,1662773400,1124
922,1662780600,820
923,1662787800,739
924,1662769800,638
925,1662769800,192
926,1662769800,492
927,1662784200,207
928,1662769800,886
929,1662787800,420
930,1662773400,868
931,1662795000,458
932,1662769800,483
933,1662777000,350
934,1662780600,458
935,1662777000,182
936,1662769800,84
937,1662769800,31
938,1662769800,413
939,1662769800,706
940,1662769800,687
941,1662780600,1191
942,1662769800,42
943,1662769800,488
944,1662769800,419
945,1662769800,900
946,1662773400,650
947,1662769800,546
948,1662769800,684
949,1662769800,481
950,1662769800,411
951,1662769800,813
952,1662769800,468
953,1662769800,635
954,1662768000,822
955,1662769800,141
956,1662769800,384
957,1662787800,419
958,1662769800,719
959,1662769800,291
960,1662769800,1086
961,1662769800,344
962,1662787800,355
963,1662769800,106
964,1662769800,671
965,1662769800,716
966,1662769800,65
967,1662769800,558
968,1662769800,809
969,1662769800,498
970,1662769800,1013
971,1662778800,814
972,1662769800,1002
973,1662769800,514
974,1662769800,27
975,1662769800,327
976,1662775200,307
977,1662769800,424
978,1662777000,194
979,1662769800,53
980,1662769800,277
981,1662769800,570
982,1662769800,518
983,1662780600,175
984,1662769800,120
985,1662769800,573
986,1662769800,182
987,1662780600,633
988,1662769800,807
989,1662787800,596
990,1662769800,92
991,1662769800,689
992,1662787800,238
993,1662786000,421
994,1662795000,360
995,1662773400,829
996,1662777000,605
997,1662769800,404
998,1662777000,146
999,1662784200,101
1000,1662769800,925
1001,1662780600,303
1002,1662784200,327
1003,1662786000,671
1004,1662773400,935
1005,1662789600,52
1006,1662769800,213
1007,1662769800,1082
1008,1662769800,299
1009,1662791400,64
1010,1662769800,604
1011,1662784200,22
1012,1662769800,430
1013,1662784200,514
1014,1662769800,1268
1015,1662769800,200
1016,1662786000,241
1017,1662777000,792
1018,1662773400,1133
1019,1662769800,448
1020,1662780600,191
1021,1662769800,116
1022,1662769800,203
1023,1662784200,57
1024,1662769800,702
1025,1662769800,184
1026,1662769800,63
1027,1662769800,787
1028,1662769800,99
1029,1662769800,528
1030,1662769800,523
1031,1662773400,1143
1032,1662769800,321
1033,1662777000,152
1034,1662769800,1132
1035,1662769800,480
1036,1662777000,43
1037,1662780600,935
1038,1662768000,429
1039,1662777000,243
1040,1662780600,89
1041,1662769800,365
1042,1662769800,593
1043,1662769800,1344
1044,1662777000,155
1045,1662769800,296
1046,1662769800,18
1047,1662780600,1139
1048,1662769800,496
1049,1662769800,28
1050,1662769800,745
1051,1662769800,34
1052,1662769800,634
1053,1662773400,842
1054,1662780600,395
1055,1662791400,436
1056,1662795000,249
1057,1662769800,503
1058,1662769800,647
1059,1662769800,1042
1060,1662784200,336
1061,1662769800,717
1062,1662780600,883
1063,1662773400,1103
1064,1662769800,489
1065,1662769800,403
1066,1662769800,334
1067,1662787800,27
1068,1662769800,132
1069,1662769800,228
1070,1662780600,673
1071,1662769800,278
1072,1662769800,111
1073,1662769800,231
1074,1662769800,202
1075,1662780600,761
1076,1662780600,923
1077,1662769800,616
1078,1662787800,785
1079,1662769800,165
1080,1662773400,836
1081,1662769800,83
1082,1662769800,679
1083,1662769800,502
1084,1662769800,233
1085,1662773400,847
1086,1662795000,344
1087,1662769800,879
1088,1662769800,454
1089,1662773400,713
1090,1662769800,527
1091,1662787800,44
1092,1662771600,911
1093,1662784200,233
1094,1662769800,58
1095,1662769800,356
1096,1662769800,346
1097,1662769800,682
1098,1662769800,774
1099,1662769800,594
1100,1662777000,298
1101,1662784200,330
1102,1662769800,466
1103,1662780600,632
1104,1662787800,140
1105,1662795000,226
1106,1662769800,417
1107,1662787800,738
1108,1662777000,377
1109,1662802200,40
1110,1662780600,118
1111,1662769800,564
1112,1662789600,177
1113,1662769800,340
1114,1662769800,248
1115,1662769800,701
1116,1662780600,39
1117,1662773400,1318
1118,1662777000,199
1119,1662769800,595
1120,1662780600,920
1121,1662769800,457
1122,1662784200,258
1123,1662777000,166
1124,1662777000,490
1125,1662784200,235
1126,1662769800,995
1127,1662780600,709
1128,1662769800,662
1129,1662769800,580
1130,1662771600,1166
1131,1662769800,274
1132,1662769800,494
1133,1662769800,379
1134,1662780600,158
1135,1662784200,271
1136,1662769800,12
1137,1662787800,75
1138,1662769800,623
1139,1662769800,41
1140,1662769800,16
1141,1662777000,436
1142,1662780600,811
1143,1662777000,305
1144,1662773400,639
1145,1662787800,339
1146,1662773400,1116
1147,1662787800,111
1148,1662777000,271
1149,1662777000,235
1150,1662784200,232
1151,1662795000,218
1152,1662780600,425
1153,1662769800,469
1154,1662769800,359
1155,1662769800,185
1156,1662780600,186
1157,1662784200,320
1158,1662787800,100
1159,1662784200,179
1160,1662777000,23
1161,1662769800,48
1162,1662784200,1257
1163,1662780600,55
1164,1662769800,1071
1165,1662777000,45
1166,1662769800,124
1167,1662769800,591
1168,1662769800,151
1169,1662784200,402
1170,1662769800,710
1171,1662777000,3
1172,1662769800,216
1173,1662773400,1156
1174,1662784200,3
1175,1662775200,192
1176,1662777000,36
1177,1662795000,144
1178,1662791400,526
1179,1662769800,524
1180,1662768000,980
1181,1662769800,414
1182,1662787800,677
1183,1662787800,240
1184,1662769800,1
1185,1662769800,686
1186,1662787800,8
1187,1662773400,697
1188,1662769800,324
1189,1662773400,449
1190,1662777000,64
1191,1662795000,88
1192,1662782400,91
1193,1662769800,170
1194,1662769800,3
1195,1662787800,59
1196,1662769800,887
1197,1662769800,425
1198,1662777000,233
1199,1662769800,149
1200,1662780600,896
1201,1662769800,158
1202,1662777000,74
1203,1662769800,656
1204,1662769800,6
1205,1662784200,371
1206,1662780600,386
1207,1662769800,2
1208,1662769800,690
1209,1662769800,552
1210,1662769800,663
1211,1662787800,1344
1212,1662769800,755
1213,1662769800,343
1214,1662769800,174
1215,1662768000,718
1216,1662769800,66
1217,1662787800,460
1218,1662769800,508
1219,1662769800,113
1220,1662769800,922
1221,1662769800,105
1222,1662769800,410
1223,1662780600,405
1224,1662769800,62
1225,1662769800,661
1226,1662769800,876
1227,1662769800,792
1228,1662780600,44
1229,1662769800,714
1230,1662769800,652
1231,1662769800,479
1232,1662769800,711
1233,1662769800,517
1234,1662780600,337
1235,1662769800,643
1236,1662769800,633
1237,1662769800,21
1238,1662769800,611
1239,1662769800,101
1240,1662769800,789
1241,1662789600,247
1242,1662769800,453
1243,1662780600,784
1244,1662769800,127
1245,1662784200,267
1246,1662780600,58
1247,1662769800,833
1248,1662769800,894
1249,1662784200,1058
1250,1662769800,112
1251,1662769800,605
1252,1662780600,1209
1253,1662787800,432
1254,1662769800,351
1255,1662769800,24
1256,1662787800,1318
1257,1662769800,532
1258,1662784200,260
1259,1662769800,470
1260,1662773400,758
1261,1662780600,95
1262,1662771600,1236
1263,1662769800,301
1264,1662769800,98
1265,1662769800,138
1266,1662769800,555
1267,1662771600,832
1268,1662769800,777
1269,1662777000,50
1270,1662769800,22
1271,1662769800,191
1272,1662769800,412
1273,1662769800,171
1274,1662769800,143
1275,1662795000,185
1276,1662771600,456
1277,1662769800,206
1278,1662769800,95
1279,1662777000,289
1280,1662791400,62
1281,1662777000,537
1282,1662769800,144
1283,1662771600,974
1284,1662769800,446
1285,1662769800,371
1286,1662769800,102
1287,1662769800,680
1288,1662769800,100
1289,1662780600,966
1290,1662769800,159
1291,1662777000,173
1292,1662769800,47
1293,1662775200,109
1294,1662795000,55
1295,1662795000,564
1296,1662773400,999
1297,1662769800,328
1298,1662771600,1060
1299,1662791400,745
1300,1662769800,315
1301,1662777000,92
1302,1662777000,18
1303,1662769800,1034
1304,1662777000,181
1305,1662784200,203
1306,1662769800,520
1307,1662773400,818
1308,1662773400,735
1309,1662773400,386
1310,1662773400,1038
1311,1662773400,810
1312,1662773400,958
1313,1662773400,1215
1314,1662773400,1008
1315,1662773400,1360
1316,1662773400,761
1317,1662773400,725
1318,1662787800,405
1319,1662784200,224
1320,1662786000,108
1321,1662787800,356
1322,1662773400,368
1323,1662773400,865
1324,1662773400,928
1325,1662771600,1191
1326,1662773400,625
1327,1662773400,966
1328,1662773400,852
1329,1662773400,538
1330,1662791400,289
1331,1662791400,574
1332,1662773400,32
1333,1662773400,1134
1334,1662784200,467
1335,1662773400,1044
1336,1662773400,811
1337,1662780600,466
1338,1662791400,180
1339,1662780600,1105
1340,1662775200,95
1341,1662773400,932
1342,1662784200,269
1343,1662784200,284
1344,1662773400,805
1345,1662773400,785
1346,1662775200,70
1347,1662773400,609
1348,1662795000,91
1349,1662773400,1154
1350,1662773400,754
1351,1662773400,636
1352,1662775200,39
1353,1662780600,793
1354,1662787800,303
1355,1662773400,788
1356,1662780600,1344
1357,1662773400,784
1358,1662773400,1081
1359,1662773400,798
1360,1662787800,883
1361,1662777000,26
1362,1662784200,829
1363,1662773400,1126
1364,1662777000,48
1365,1662775200,22
1366,1662780600,183
1367,1662773400,730
1368,1662773400,822
1369,1662784200,146
1370,1662809400,261
1371,1662773400,923
1372,1662780600,979
1373,1662773400,1032
1374,1662784200,490
1375,1662773400,700
1376,1662802200,222
1377,1662773400,743
1378,1662782400,457
1379,1662784200,11
1380,1662777000,168
1381,1662773400,1016
1382,1662773400,1040
1383,1662773400,888
1384,1662773400,464
1385,1662775200,49
1386,1662777000,280
1387,1662787800,501
1388,1662773400,617
1389,1662777000,214
1390,1662791400,135
1391,1662787800,185
1392,1662775200,76
1393,1662773400,1058
1394,1662773400,429
1395,1662784200,35
1396,1662773400,641
1397,1662780600,817
1398,1662777000,169
1399,1662777000,210
1400,1662777000,189
1401,1662780600,868
1402,1662780600,435
1403,1662780600,463
1404,1662782400,438
1405,1662777000,106
1406,1662780600,59
1407,1662784200,31
1408,1662777000,225
1409,1662775200,71
1410,1662777000,52
1411,1662777000,309
1412,1662784200,229
1413,1662784200,286
1414,1662777000,21
1415,1662777000,2
1416,1662787800,1402
1417,1662784200,309
1418,1662780600,863
1419,1662777000,27
1420,1662777000,402
1421,1662777000,102
1422,1662777000,105
1423,1662784200,273
1424,1662777000,110
1425,1662798600,124
1426,1662777000,247
1427,1662780600,339
1428,1662777000,363
1429,1662787800,752
1430,1662791400,376
1431,1662780600,609
1432,1662777000,371
1433,1662777000,220
1434,1662775200,89
1435,1662777000,37
1436,1662777000,242
1437,1662777000,197
1438,1662787800,183
1439,1662777000,206
1440,1662777000,115
1441,1662777000,200
1442,1662777000,391
1443,1662777000,229
1444,1662777000,41
1445,1662777000,11
1446,1662777000,117
1447,1662777000,219
1448,1662777000,78
1449,1662787800,628
1450,1662777000,190
1451,1662777000,8
1452,1662780600,215
1453,1662777000,354
1454,1662777000,17
1455,1662780600,646
1456,1662777000,205
1457,1662787800,636
1458,1662787800,215
1459,1662777000,91
1460,1662777000,113
1461,1662784200,216
1462,1662784200,625
1463,1662777000,240
1464,1662777000,254
1465,1662787800,1133
1466,1662777000,259
1467,1662787800,1143
1468,1662791400,189
1469,1662777000,28
1470,1662775200,395
1471,1662777000,188
1472,1662777000,137
1473,1662787800,95
1474,1662784200,834
1475,1662787800,250
1476,1662777000,62
1477,1662777000,174
1478,1662780600,809
1479,1662784200,1106
1480,1662780600,431
1481,1662780600,1148
1482,1662775200,133
1483,1662777000,164
1484,1662791400,45
1485,1662786000,380
1486,1662777000,216
1487,1662777000,257
1488,1662777000,16
1489,1662787800,347
1490,1662787800,504
1491,1662777000,68
1492,1662784200,730
1493,1662784200,121
1494,1662777000,312
1495,1662777000,454
1496,1662784200,393
1497,1662791400,105
1498,1662777000,208
1499,1662777000,101
1500,1662778800,291
1501,1662777000,46
1502,1662777000,6
1503,1662784200,194
1504,1662777000,79
1505,1662795000,388
1506,1662784200,244
1507,1662777000,223
1508,1662787800,425
1509,1662777000,278
1510,1662777000,302
1511,1662777000,114
1512,1662777000,136
1513,1662777000,160
1514,1662777000,119
1515,1662777000,14
1516,1662791400,7
1517,1662780600,370
1518,1662777000,142
1519,1662777000,313
1520,1662787800,728
1521,1662777000,65
1522,1662777000,7
1523,1662791400,94
1524,1662777000,263
1525,1662787800,920
1526,1662777000,63
1527,1662777000,150
1528,1662777000,1
1529,1662780600,222
1530,1662795000,8
1531,1662775200,124
1532,1662777000,53
1533,1662777000,403
1534,1662780600,785
1535,1662791400,81
1536,1662777000,179
1537,1662780600,111
1538,1662777000,195
1539,1662777000,19
1540,1662780600,419
1541,1662780600,131
1542,1662787800,810
1543,1662787800,257
1544,1662784200,46
1545,1662787800,178
1546,1662780600,1154
1547,1662780600,249
1548,1662787800,67
1549,1662780600,67
1550,1662780600,807
1551,1662778800,87
1552,1662780600,742
1553,1662780600,584
1554,1662777000,154
1555,1662780600,759
1556,1662777000,288
1557,1662780600,374
1558,1662798600,410
1559,1662780600,650
1560,1662780600,261
1561,1662780600,417
1562,1662798600,399
1563,1662780600,754
1564,1662780600,669
1565,1662780600,250
1566,1662780600,1542
1567,1662784200,154
1568,1662780600,677
1569,1662780600,1044
1570,1662784200,600
1571,1662780600,100
1572,1662780600,538
1573,1662780600,218
1574,1662782400,53
1575,1662784200,254
1576,1662780600,743
1577,1662784200,289
1578,1662784200,17
1579,1662798600,138
1580,1662805800,24
1581,1662787800,48
1582,1662780600,847
1583,1662784200,958
1584,1662780600,636
1585,1662784200,231
1586,1662780600,70
1587,1662786000,1032
1588,1662778800,502
1589,1662784200,391
1590,1662787800,249
1591,1662780600,735
1592,1662784200,305
1593,1662780600,1103
1594,1662780600,82
1595,1662780600,237
1596,1662780600,447
1597,1662780600,1293
1598,1662780600,109
1599,1662780600,904
1600,1662787800,471
1601,1662787800,458
1602,1662780600,266
1603,1662780600,1143
1604,1662787800,979
1605,1662780600,488
1606,1662780600,832
1607,1662791400,254
1608,1662780600,75
1609,1662784200,202
1610,1662787800,712
1611,1662787800,871
1612,1662780600,444
1613,1662784200,137
1614,1662798600,280
1615,1662791400,229
1616,1662780600,852
1617,1662780600,1357
1618,1662784200,113
1619,1662780600,1318
1620,1662780600,71
1621,1662780600,1156
1622,1662780600,144
1623,1662780600,1038
1624,1662780600,238
1625,1662780600,726
1626,1662784200,798
1627,1662780600,1402
1628,1662780600,805
1629,1662780600,725
1630,1662787800,1044
1631,1662780600,602
1632,1662784200,325
1633,1662787800,86
1634,1662798600,292
1635,1662784200,400
1636,1662782400,21
1637,1662784200,20
1638,1662780600,99
1639,1662784200,136
1640,1662786000,935
1641,1662784200,81
1642,1662791400,66
1643,1662782400,108
1644,1662787800,588
1645,1662784200,253
1646,1662784200,49
1647,1662780600,1134
1648,1662786000,47
1649,1662780600,226
1650,1662789600,24
1651,1662802200,302
1652,1662780600,1027
1653,1662780600,712
1654,1662791400,227
1655,1662787800,144
1656,1662782400,8
1657,1662802200,91
1658,1662782400,19
1659,1662780600,1126
1660,1662795000,95
1661,1662780600,56
1662,1662780600,1008
1663,1662780600,751
1664,1662787800,416
1665,1662787800,483
1666,1662795000,133
1667,1662780600,464
1668,1662784200,574
1669,1662787800,299
1670,1662780600,185
1671,1662787800,340
1672,1662782400,128
1673,1662780600,495
1674,1662780600,697
1675,1662787800,348
1676,1662782400,1
1677,1662784200,297
1678,1662791400,245
1679,1662782400,287
1680,1662780600,25
1681,1662780600,1116
1682,1662780600,932
1683,1662784200,102
1684,1662780600,810
1685,1662780600,133
1686,1662780600,1001
1687,1662780600,329
1688,1662787800,966
1689,1662780600,842
1690,1662780600,140
1691,1662782400,27
1692,1662784200,243
1693,1662787800,735
1694,1662791400,184
1695,1662780600,88
1696,1662780600,913
1697,1662787800,547
1698,1662787800,344
1699,1662780600,449
1700,1662780600,999
1701,1662784200,1016
1702,1662787800,352
1703,1662791400,4
1704,1662780600,1081
1705,1662780600,818
1706,1662786000,157
1707,1662784200,454
1708,1662784200,195
1709,1662784200,485
1710,1662802200,69
1711,1662784200,308
1712,1662791400,210
1713,1662784200,166
1714,1662784200,556
1715,1662784200,324
1716,1662784200,138
1717,1662784200,63
1718,1662787800,351
1719,1662784200,792
1720,1662784200,115
1721,1662787800,811
1722,1662789600,650
1723,1662784200,15
1724,1662787800,70
1725,1662784200,214
1726,1662786000,610
1727,1662787800,114
1728,1662787800,488
1729,1662784200,361
1730,1662784200,219
1731,1662784200,350
1732,1662784200,334
1733,1662782400,349
1734,1662784200,96
1735,1662791400,290
1736,1662784200,41
1737,1662784200,318
1738,1662787800,725
1739,1662784200,127
1740,1662784200,40
1741,1662784200,468
1742,1662782400,472
1743,1662784200,50
1744,1662784200,2
1745,1662784200,160
1746,1662807600,183
1747,1662782400,23
1748,1662784200,16
1749,1662784200,79
1750,1662784200,296
1751,1662786000,177
1752,1662784200,872
1753,1662784200,143
1754,1662795000,193
1755,1662784200,192
1756,1662798600,13
1757,1662784200,104
1758,1662787800,278
1759,1662784200,928
1760,1662784200,312
1761,1662784200,212
1762,1662787800,259
1763,1662784200,36
1764,1662784200,227
1765,1662784200,217
1766,1662784200,537
1767,1662784200,251
1768,1662784200,172
1769,1662787800,1134
1770,1662784200,10
1771,1662784200,76
1772,1662784200,180
1773,1662782400,134
1774,1662784200,68
1775,1662784200,424
1776,1662787800,902
1777,1662789600,359
1778,1662787800,43
1779,1662782400,164
1780,1662787800,1148
1781,1662784200,288
1782,1662784200,836
1783,1662784200,169
1784,1662791400,137
1785,1662784200,290
1786,1662784200,26
1787,1662787800,673
1788,1662784200,319
1789,1662784200,190
1790,1662784200,87
1791,1662791400,120
1792,1662787800,447
1793,1662786000,175
1794,1662795000,44
1795,1662784200,13
1796,1662784200,199
1797,1662787800,777
1798,1662787800,669
1799,1662784200,282
1800,1662784200,72
1801,1662787800,562
1802,1662784200,822
1803,1662791400,41
1804,1662784200,170
1805,1662784200,120
1806,1662784200,313
1807,1662786000,218
1808,1662784200,188
1809,1662784200,234
1810,1662784200,376
1811,1662795000,237
1812,1662786000,74
1813,1662784200,280
1814,1662787800,446
1815,1662784200,62
1816,1662784200,403
1817,1662787800,1008
1818,1662787800,633
1819,1662798600,114
1820,1662784200,285
1821,1662784200,223
1822,1662795000,370
1823,1662784200,161
1824,1662787800,1105
1825,1662786000,84
1826,1662787800,794
1827,1662784200,129
1828,1662786000,182
1829,1662784200,205
1830,1662784200,210
1831,1662787800,563
1832,1662784200,919
1833,1662798600,81
1834,1662786000,162
1835,1662784200,369
1836,1662784200,363
1837,1662784200,30
1838,1662784200,69
1839,1662787800,697
1840,1662784200,29
1841,1662784200,358
1842,1662784200,7
1843,1662791400,199
1844,1662787800,473
1845,1662784200,52
1846,1662784200,34
1847,1662787800,386
1848,1662786000,609
1849,1662787800,1191
1850,1662787800,545
1851,1662787800,456
1852,1662787800,709
1853,1662798600,76
1854,1662782400,197
1855,1662787800,433
1856,1662787800,1001
1857,1662787800,726
1858,1662791400,610
1859,1662787800,520
1860,1662791400,104
1861,1662786000,105
1862,1662787800,91
1863,1662787800,461
1864,1662787800,410
1865,1662787800,123
1866,1662787800,868
1867,1662787800,370
1868,1662787800,1293
1869,1662787800,700
1870,1662787800,322
1871,1662787800,502
1872,1662791400,40
1873,1662787800,572
1874,1662787800,89
1875,1662787800,865
1876,1662787800,904
1877,1662787800,270
1878,1662787800,929
1879,1662787800,181
1880,1662787800,788
1881,1662787800,754
1882,1662787800,321
1883,1662787800,12
1884,1662795000,220
1885,1662787800,463
1886,1662787800,784
1887,1662791400,124
1888,1662786000,82
1889,1662787800,98
1890,1662787800,464
1891,1662787800,1050
1892,1662787800,646
1893,1662787800,1156
1894,1662791400,29
1895,1662786000,266
1896,1662787800,913
1897,1662787800,495
1898,1662786000,842
1899,1662787800,388
1900,1662787800,564
1901,1662787800,306
1902,1662787800,164
1903,1662787800,519
1904,1662787800,546
1905,1662787800,435
1906,1662787800,618
1907,1662787800,0
1908,1662786000,275
1909,1662787800,302
1910,1662787800,375
1911,1662795000,221
1912,1662787800,605
1913,1662787800,408
1914,1662787800,133
1915,1662787800,337
1916,1662787800,932
1917,1662787800,623
1918,1662787800,818
1919,1662791400,46
1920,1662787800,1126
1921,1662787800,191
1922,1662787800,539
1923,1662787800,174
1924,1662787800,187
1925,1662787800,367
1926,1662787800,923
1927,1662787800,978
1928,1662795000,335
1929,1662787800,193
1930,1662787800,1124
1931,1662787800,276
1932,1662787800,412
1933,1662802200,46
1934,1662787800,553
1935,1662787800,118
1936,1662787800,1215
1937,1662787800,272
1938,1662787800,88
1939,1662787800,531
1940,1662787800,678
1941,1662787800,761
1942,1662791400,32
1943,1662791400,15
1944,1662787800,167
1945,1662787800,21
1946,1662787800,999
1947,1662791400,138
1948,1662787800,466
1949,1662798600,151
1950,1662787800,1103
1951,1662789600,51
1952,1662795000,5
1953,1662787800,90
1954,1662787800,639
1955,1662787800,662
1956,1662787800,641
1957,1662787800,390
1958,1662787800,538
1959,1662787800,582
1960,1662787800,279
1961,1662791400,219
1962,1662791400,175
1963,1662795000,84
1964,1662787800,606
1965,1662787800,659
1966,1662787800,1042
1967,1662787800,246
1968,1662787800,122
1969,1662787800,345
1970,1662802200,164
1971,1662787800,632
1972,1662787800,444
1973,1662787800,134
1974,1662787800,809
1975,1662787800,60
1976,1662791400,286
1977,1662787800,714
1978,1662787800,368
1979,1662787800,751
1980,1662791400,537
1981,1662787800,793
1982,1662787800,291
1983,1662787800,97
1984,1662791400,25
1985,1662798600,190
1986,1662787800,56
1987,1662791400,230
1988,1662791400,369
1989,1662791400,17
1990,1662798600,45
1991,1662791400,267
1992,1662787800,294
1993,1662791400,391
1994,1662791400,129
1995,1662791400,253
1996,1662795000,101
1997,1662802200,303
1998,1662791400,150
1999,1662791400,233
2000,1662791400,9
2001,1662791400,828
2002,1662791400,112
2003,1662791400,195
2004,1662791400,190
2005,1662791400,3
2006,1662791400,153
2007,1662791400,13
2008,1662791400,76
2009,1662791400,472
2010,1662791400,36
2011,1662791400,110
2012,1662791400,6
2013,1662791400,26
2014,1662791400,266
2015,1662791400,169
2016,1662798600,333
2017,1662789600,85
2018,1662795000,134
2019,1662798600,209
2020,1662791400,349
2021,1662791400,310
2022,1662791400,49
2023,1662798600,349
2024,1662798600,63
2025,1662791400,400
2026,1662791400,251
2027,1662795000,562
2028,1662791400,37
2029,1662791400,143
2030,1662791400,232
2031,1662798600,289
2032,1662791400,39
2033,1662791400,115
2034,1662798600,62
2035,1662791400,16
2036,1662791400,14
2037,1662791400,209
2038,1662795000,341
2039,1662791400,168
2040,1662791400,107
2041,1662791400,79
2042,1662791400,377
2043,1662791400,292
2044,1662795000,67
2045,1662793200,270
2046,1662791400,258
2047,1662793200,215
2048,1662793200,345
2049,1662791400,73
2050,1662791400,206
2051,1662791400,106
2052,1662791400,68
2053,1662791400,146
2054,1662791400,93
2055,1662791400,200
2056,1662791400,244
2057,1662798600,184
2058,1662791400,65
2059,1662791400,1
2060,1662789600,152
2061,1662791400,271
2062,1662791400,63
2063,1662791400,194
2064,1662791400,151
2065,1662791400,31
2066,1662791400,119
2067,1662793200,108
2068,1662791400,10
2069,1662791400,47
2070,1662791400,155
2071,1662791400,182
2072,1662802200,152
2073,1662791400,235
2074,1662791400,57
2075,1662791400,158
2076,1662791400,275
2077,1662795000,19
2078,1662795000,191
2079,1662791400,333
2080,1662791400,394
2081,1662793200,520
2082,1662793200,279
2083,1662795000,342
2084,1662795000,348
2085,1662795000,86
2086,1662798600,28
2087,1662795000,53
2088,1662795000,183
2089,1662795000,405
2090,1662795000,147
2091,1662795000,177
2092,1662795000,240
2093,1662796800,165
2094,1662795000,48
2095,1662795000,322
2096,1662798600,158
2097,1662795000,257
2098,1662795000,222
2099,1662795000,74
2100,1662795000,259
2101,1662795000,117
2102,1662793200,111
2103,1662795000,181
2104,1662796800,51
2105,1662795000,539
2106,1662795000,27
2107,1662798600,57
2108,1662795000,203
2109,1662802200,272
2110,1662795000,278
2111,1662795000,639
2112,1662795000,213
2113,1662795000,408
2114,1662795000,90
2115,1662795000,58
2116,1662795000,321
2117,1662809400,56
2118,1662798600,146
2119,1662795000,164
2120,1662795000,140
2121,1662795000,157
2122,1662795000,152
2123,1662795000,123
2124,1662795000,355
2125,1662798600,258
2126,1662795000,23
2127,1662795000,18
2128,1662795000,132
2129,1662795000,56
2130,1662795000,69
2131,1662796800,199
2132,1662795000,89
2133,1662800400,417
2134,1662795000,726
2135,1662795000,272
2136,1662795000,417
2137,1662795000,92
2138,1662796800,94
2139,1662795000,502
2140,1662795000,306
2141,1662798600,447
2142,1662795000,602
2143,1662798600,129
2144,1662798600,10
2145,1662802200,261
2146,1662795000,464
2147,1662795000,466
2148,1662795000,125
2149,1662795000,395
2150,1662795000,98
2151,1662795000,250
2152,1662796800,229
2153,1662798600,194
2154,1662795000,390
2155,1662795000,97
2156,1662796800,49
2157,1662802200,56
2158,1662795000,596
2159,1662795000,303
2160,1662795000,70
2161,1662796800,169
2162,1662795000,302
2163,1662795000,352
2164,1662795000,154
2165,1662796800,46
2166,1662798600,17
2167,1662795000,52
2168,1662795000,38
2169,1662795000,412
2170,1662795000,416
2171,1662795000,446
2172,1662795000,420
2173,1662796800,79
2174,1662795000,347
2175,1662798600,20
2176,1662798600,83
2177,1662798600,266
2178,1662798600,163
2179,1662798600,42
2180,1662798600,1
2181,1662802200,229
2182,1662798600,87
2183,1662798600,276
2184,1662798600,7
2185,1662798600,120
2186,1662798600,39
2187,1662798600,143
2188,1662798600,73
2189,1662798600,490
2190,1662798600,215
2191,1662798600,488
2192,1662798600,115
2193,1662798600,219
2194,1662798600,30
2195,1662802200,278
2196,1662798600,245
2197,1662798600,61
2198,1662798600,520
2199,1662798600,106
2200,1662798600,12
2201,1662798600,14
2202,1662798600,105
2203,1662798600,15
2204,1662798600,282
2205,1662802200,420
2206,1662798600,24
2207,1662805800,13
2208,1662798600,3
2209,1662798600,111
2210,1662798600,72
2211,1662798600,118
2212,1662798600,32
2213,1662798600,180
2214,1662802200,101
2215,1662798600,107
2216,1662798600,25
2217,1662798600,21
2218,1662798600,173
2219,1662798600,65
2220,1662798600,610
2221,1662798600,31
2222,1662798600,217
2223,1662798600,267
2224,1662798600,6
2225,1662798600,235
2226,1662798600,189
2227,1662800400,144
2228,1662798600,93
2229,1662800400,47
2230,1662798600,244
2231,1662798600,216
2232,1662798600,108
2233,1662798600,29
2234,1662798600,9
2235,1662798600,233
2236,1662798600,142
2237,1662798600,275
2238,1662802200,70
2239,1662802200,237
2240,1662802200,306
2241,1662802200,19
2242,1662802200,36
2243,1662802200,92
2244,1662802200,514
2245,1662802200,18
2246,1662802200,133
2247,1662802200,135
2248,1662802200,177
2249,1662802200,408
2250,1662802200,41
2251,1662802200,58
2252,1662802200,464
2253,1662802200,132
2254,1662802200,44
2255,1662802200,203
2256,1662802200,98
2257,1662802200,345
2258,1662802200,321
2259,1662805800,87
2260,1662802200,307
2261,1662802200,140
2262,1662802200,259
2263,1662802200,205
2264,1662802200,88
2265,1662802200,191
2266,1662800400,351
2267,1662802200,458
2268,1662802200,157
2269,1662802200,86
2270,1662802200,174
2271,1662802200,134
2272,1662802200,395
2273,1662802200,199
2274,1662800400,49
2275,1662802200,125
2276,1662802200,390
2277,1662805800,28
2278,1662805800,186
2279,1662805800,83
2280,1662805800,466
2281,1662805800,106
2282,1662805800,120
2283,1662805800,17
2284,1662805800,244
2285,1662805800,10
2286,1662805800,81
2287,1662805800,57
2288,1662805800,115
2289,1662805800,76
2290,1662805800,49
2291,1662805800,111
2292,1662805800,4
2293,1662805800,153
2294,1662807600,229
2295,1662805800,25
2296,1662805800,31
2297,1662805800,190
2298,1662805800,107
2299,1662805800,143
2300,1662809400,138
2301,1662809400,98
2302,1662809400,92
2303,1662809400,272
